725
726
739
740
753
754
767
768
781
782
795
796
809
810
823
824
837
838
851
852
865
866
879
880
893
894
907
908
921
922
935
936
949
950
963
964
977
984
985
998
999
1012
1013
1026
1027
1040
1047
1048
1061
1062
1075
1076
1089
1090
1103
1104
1117
1118
1131
1132
1145
1146
1159
1166
1167
1180
1181
1194
1195
1208
1209
1222
1223
1236
1237
1250
1251
1264
1265
1278
1279
1292
1293
1306
1307
1320
1321
1334
1335
1348
1349
1363
1364
1377
1378
1391
1392
1405
1406
1419
1420
1433
1434
1447
1448
1461
1462
1475
1476
1488
1490
1503
1504
1517
1518
1531
1532
1545
1546
1557
1560
1572
1574
1586
1588
1600
1609
1610
1623
1624
1637
1638
1651
1652
1665
1666
1679
1680
1693
1694
1707
1708
1721
1722
1735
1736
1749
1750
1763
1764
1777
1778
1783
1784
1805
1806
1819
1820
1833
1834
1847
1848
1861
1862
1875
1876
2084
2085
2098
2099
2112
2113
2126
2127
2139
2140
2153
2154
2166
2167
2177
2178
2190
2191
2204
2205
2216
2217
2228
2229
2241
2242
2254
2255
2268
2269
2282
2283
2296
2297
2309
2318
2319
2332
2333
2346
2347
2360
2361
2372
2373
2386
2387
2400
2401
2414
2415
2428
2429
2442
2443
2456
2457
2459
2461
2484
2492
2493
2506
2507
2521
2522
2535
2536
2549
2550
2561
2562
2576
2577
2590
2591
2604
2605
2618
2619
2632
2633
2646
2647
2659
2660
2672
2673
2686
2693
2694
2707
2708
2721
2722
2735
2736
2750
2751
2764
2765
2777
2778
2791
2792
2805
2806
2819
2820
2826
2830
2832
2844
2846
2858
2860
2870
2873
2886
2892
2893
2906
2907
2920
2921
2934
2935
2948
2949
2962
2963
2976
2977
2990
2991
3004
3005
3018
3019
3032
3033
3046
3047
3060
3061
3074
3075
3088
3099
3100
3113
3114
3127
3128
3141
3142
3155
3156
3169
3170
3183
3184
3197
3198
3211
3212
3225
3226
3239
3240
3243
3244
3267
3268
3281
3282
3295
3296
3309
3310
3324
3325
3338
3339
3352
3353
3366
3367
3380
3381
3394
3395
3408
3409
3422
3423
3436
3437
3450
3451
3464
3465
3478
3479
3492
3493
3506
3507
3520
3521
3534
3535
3548
3549
3562
3570
3571
3584
3585
3598
3599
3612
3613
3626
3627
3640
3641
3654
3655
3668
3669
3682
3683
3696
3697
3710
3711
3724
3725
3738
3739
3753
3754
3767
3768
3781
3782
3795
3796
3809
3810
3823
3824
3837
3838
3850
3852
3864
3866
3878
3880
3892
3894
3905
3909
3919
3929
3930
3942
3943
3956
3957
3970
3971
3984
3985
3998
3999
4012
4013
4025
4026
4039
4040
4053
4054
4067
4068
4081
4082
4096
4097
4110
4111
4124
4125
4138
4139
4152
4153
4166
4167
4180
4181
4194
4195
4208
4209
4222
4223
4236
4237
4250
4251
4264
4272
4273
4285
4293
4300
4301
4314
4315
4328
4329
4342
4343
4356
4357
4370
4371
4384
4385
4398
4399
4412
4413
4426
4427
4440
4441
4454
4455
4468
4469
4482
4483
4496
4497
4511
4512
4525
4526
4539
4540
4550
4551
4564
4565
4578
4579
4590
4592
4604
4606
4618
4620
4631
4634
4645
4648
4652
4653
4674
4675
4688
4689
4702
4703
4716
4717
4727
4728
4741